561
470
473
366
228
203
478
283
330
301
420
512
489
487
325
415
336
444
297
424
398
384
368
336
456
497
371
291
359
545
286
433
383
313
511
281
288
285
500
552
265
580
370
282
323
379
431
333
300
363
308
236
243
397
539
451
438
209
224
435
233
497
395
574
480
397
556
522
346
369
555
518
260
397
323
389
480
224
294
319
461
215
314
526
442
542
359
475
335
521
459
341
203
366
589
297
386
246
352
346
579
532
407
334
365
275
208
520
314
324
370
280
461
544
398
416
200
550
334
413
287
258
384
493
426
326
581
320
247
332
467
452
531
549
208
576
541
402
467
386
249
270
369
260
538
295
367
512
592
451
438
586
287
393
565
562
449
238
256
413
360
403
339
249
226
561
454
228
416
359
564
432
439
482
594
427
357
344
259
582
505
502
215
365
281
404
599
445
505
518
548
349
545
459
250
341
421
512
267
355
367
530
584
507
560
391
240
525
452
477
402
422
513
442
488
488
407
430
444
214
324
496
434
383
360
339
231
233
486
383
540
296
364
323
299
247
449
578
390
354
597
247
591
521
335
226
537
352
227
523
544
465
507
361
255
586
581
594
299
420
594
285
512
219
245
258
398
468
469
550
306
522
423
278
565
431
543
490
566
534
356
535
315
284
411
221
298
348
342
585
282
549
359
342
219
231
248
380
448
457
308
483
406
592
217
540
227
463
274
205
531
223
354
399
509
560
415
407
485
509
513
313
347
332
511
228
555
544
352
323
279
369
214
528
315
329
230
552
460
517
468
571
356
461
203
386
311
351
435
505
381
351
568
354
441
258
489
282
403
217
370
261
496
323
586
286
540
368
260
297
343
385
329
588
245
313
545
489
303
544
234
227
253
502
580
371
485
595
474
547
534
258
274
379
274
485
447
263
472
286
513
588
289
326
556
266
493
285
235
348
386
208
360
563
534
359
469
297
301
280
286
568
352
393
558
514
471
368
421
463
275
228
347
407
537
279
439
282
308
270
487
562
296
424
384
480
273
524
307
353
390
280
389
344
599
355
282
489
439
523
405
234
387
407
234
433
460
403
244
538
401
345
253
593
351
448
247
367
223
338
568
589
529
280
561
314
260
320
566
496
398
451
362
583
248
249
297
402
343
482
287
331
406
364
294
422
536
480
488
300
538
202
223
368
226
421
286
275
345
542
275
361
434
477
492
388
230
294
314
321
452
341
221
247
430
275
358
379
463
373
359
504
503
421
564
464
471
464
543
212
212
474
413
262
582
380
303
349
499
436
468
586
420
218
246
205
361
285
277
559
482
546
595
329
243
328
262
439
506
393
279
548
355
599
314
537
380
252
279
293
517
442
210
389
447
279
559
470
532
502
524
508
386
370
493
215
564
406
264
223
589
527
468
585
561
352
363
438
225
453
595
314
200
339
245
599
256
386
560
292
373
579
388
347
352
582
381
564
579
494
237
397
212
352
444
576
454
522
512
288
520
529
240
471
323
447
337
353
217
484
295
401
298
579
231
378
535
444
555
287
540
282
467
249
371
392
592
423
401
330
532
551
458
545
359
574
349
403
217
201
521
222
494
213
254
486
401
484
310
530
513
329
490
368
572
369
302
442
326
338
267
478
235
501
366
343
242
321
462
204
453
314
548
375
311
272
392
232
311
479
545
476
334
508
342
367
356
304
487
206
336
524
410
219
472
260
595
239
309
388
403
239
597
450
330
256
393
482
383
542
391
566
322
546
231
524
216
490
467
548
203
216
293
597
373
326
366
399
437
264
304
482
303
474
311
249
276
288
408
348
436
359
545
494
230
214
341
354
359
391
405
320
531
381
514
598
358
361
232
508
480
252
503
522
562
447
285
449
355
520
383
420
252
359
264
347
573
203
284
213
229
489
494
330
295
562
369
505
395
226
278
447
338
456
405
290
224
544
468
285
363
417
394
223
478
273
561
405
529
350
329
328
529
500
428
562
559
443
430
247
456
511
554
465
480
281
370
362
461
254
312
327
523
331
290
588
331
522
462
409
252
298
269
240
456
535
247
396
268
200
472
446
202
255
236
267
402
278
500
290
220
478
449
215
402
388
271
555
300
490
349
440
276
542
233
286
357
478
416
460
202
565
243
435
472
551
348
349
366
287
561
234
379
266
413
469
593
469
227
287
522
457
542
499
488
297
202
402
530
523
373
357
593
534
568
533
333
431
460
296
538
565
317
258
583
378
338
300
429
383
270
292
326
589
314
224
478
376
341
324
438
544
234
390
523
384
528
384
460
593
